2469937269677267
5055218567027384
3439352922506528
5725021666916341
8733293432658230
9075418972296296
1825422952986771
0866205347972203
5920153548400037
5641112041037627
3713032970984293
1292110703354754
6289602045034353
3717328739815936
6508590684390942
1942503978518002
0552099245346620
6108730498633062
6395791522800557
4047293288281493
4675883924160014
6194867511685443
0993186049503007
3885064446506872
5885621862397640
1704285823923729
2553920138330774
3023153211468199
0447669363157317
8948040200740617
7603694713928142
5230487506987723
3646477829786373
4592552506433379
0075395629291026
8972397134674530
5760364940162939
1015882558876646
9486997773441668
2744448576727166
0180083509761936
4294478279044530
8431323844701530
7663973745033744
1744732999336375
5643353525207022
3589689465546471
2531761427648020
2462245257053946
7505856827379763
9250841054233244
8128009877760964
2875003934296259
0813145478267268
7454736736043931
0512183585660835
6725502545242241
5157637741225656
0836684545511633
0724083224913311
8326806100135762
9699640984791832
7188784344595649
3250140014509251
7449931536455641
1956480147016671
3091123485499725
1329515478910526
2546837031616846
4492619405877152
2165324838377463
8909410628237524
7877766764101416
3342769185956505
6933091154844634
4278906426912439
1862124486713069
6132054557605607
7532249857048282
7904659823512342
9079178818235167
6378487859876565
5228033768526863
8511851859616310
4407824210496951
2484396511195789
9019241855368124
3614256141054800
3289161307928261
7610376226819758
4785455419210090
1451076547350301
9271929260299926
1170610039869902
7471636341065724
1673954036431734
1097952760431187
0975174093759383
7846261746537554
5994346576556240
2297617908761728
7219178586824787
3436252328508573
2048728636094630
7542338901767495
4580502642241951
3334643879272311
2018072919564143
2741856107159943
2100038389906982
9222298713123038
6013088230083785
0934454847348531
3090287839276903
9783292465422902
8785972548547906
7282584890816961
0766190838110725
6992309821722820
3051642639120770
8976612994194612
9059741175310073
3471338407128610
0514698417950131
4561751705077432
1103039950480887
9598760381296500
7738731505871660
7643437133226485
0649693969807037
1169644324258748
8254524624912693
0732602285294581
0681637787916980
0487992453736849
2432286829995904
9173025178455009
3588048213946283
7082611091690747
1015561507843037
5063494582879552
1037526400123510
9697061502846162
2674840912126398
9359546788802277
7046459832054988
3125027229507836
7330373876867198
8531841353379365
3972733795294956
4342813292707097
8109462850506648
7892037228545329
0626524930808526
2497205328319360
2417851068349255
8646080326600995
0396026495635323
4759396267171131
6500137525335410
0721071524157651
9014230733943633
6753386906668221
9487486919525854
2525374702919730
5214419587137676
6719590144665072
9062751528941520
8919503255281132
2072946162282636
5920033477880363
9671291450823171
2263792928433930
6175904400592552
2031781976901280
1218783106447217
5660469902738038
0982463723049957
7706674770409286
3810518512182379
5267121220942302
6303297687237256
7205705989244804
2096219243191159
2365375677121326
4329634354246496
9413186776171861
2967595851995266
6835466970889241
7910859531631057
9297665509945138
8835911953536642
4619424138761525
2308920362072312
7691206520780131
8463540065575491
8955768344770955
3585363593135113
4136719790918922
0759681059146544
1714668667481698
2352144605333782
6537830218720046
7436456163727979
0994817983157085
7388836998087457
1856612148164131
5890923112747925
7031945575584861
9576713124661835
2213206371526231
2637595674644923
9935354654905236
9499398320838094
