0.0 0.0 0.07692307692307693 0.07692307692307693 0.5769230769230769 0.0 0.038461538461538464 0.0 0.0 0.0 0.0 0.0 0.23076923076923078 0.0 
0.0 0.0 0.0 0.0 0.0 0.0 0.0 0.75 0.0 0.0 0.0 0.0 0.25 0.0 
0.0625 0.0 0.0 0.65625 0.0 0.0 0.0625 0.0 0.0625 0.0625 0.0 0.0 0.09375 0.0 
0.07142857142857142 0.0 0.75 0.0 0.0 0.0 0.0 0.0 0.0 0.0 0.0 0.0 0.17857142857142858 0.0 
0.75 0.0 0.0 0.0 0.0 0.0 0.15 0.0 0.0 0.1 0.0 0.0 0.0 0.0 
0.0 0.0 0.0 0.0 0.0 0.0 1.0 0.0 0.0 0.0 0.0 0.0 0.0 0.0 
0.08333333333333333 0.0 0.16666666666666666 0.0 0.25 0.16666666666666666 0.0 0.0 0.16666666666666666 0.16666666666666666 0.0 0.0 0.0 0.0 
0.0 1.0 0.0 0.0 0.0 0.0 0.0 0.0 0.0 0.0 0.0 0.0 0.0 0.0 
0.0 0.0 0.012987012987012988 0.0 0.0 0.0 0.012987012987012988 0.0 0.0 0.05194805194805195 0.37012987012987014 0.0 0.0 0.551948051948052 
0.0 0.0 0.125 0.0 0.125 0.0 0.125 0.0 0.5 0.0 0.125 0.0 0.0 0.0 
0.0 0.0 0.0 0.0 0.0 0.0 0.0 0.0 0.9193548387096774 0.03225806451612903 0.0 0.0 0.0 0.04838709677419355 
0.0 0.0 0.0 0.0 0.0 0.0 0.0 0.0 0.0 0.0 0.0 0.0 0.0 0.0 
0.375 0.125 0.1875 0.3125 0.0 0.0 0.0 0.0 0.0 0.0 0.0 0.0 0.0 0.0 
0.0 0.0 0.0 0.0 0.0 0.0 0.0 0.0 0.9659090909090909 0.0 0.03409090909090909 0.0 0.0 0.0 
