0.0 0.0 1.0 1.0 7.5 0.0 0.5 0.0 0.0 0.0 0.0 0.0 3.0 0.0 
0.0 0.0 0.0 0.0 0.0 0.0 0.0 3.0 0.0 0.0 0.0 0.0 1.0 0.0 
1.0 0.0 0.0 10.5 0.0 0.0 1.0 0.0 1.0 1.0 0.0 0.0 1.5 0.0 
1.0 0.0 10.5 0.0 0.0 0.0 0.0 0.0 0.0 0.0 0.0 0.0 2.5 0.0 
7.5 0.0 0.0 0.0 0.0 0.0 1.5 0.0 0.0 1.0 0.0 0.0 0.0 0.0 
0.0 0.0 0.0 0.0 0.0 0.0 1.0 0.0 0.0 0.0 0.0 0.0 0.0 0.0 
0.5 0.0 1.0 0.0 1.5 1.0 0.0 0.0 1.0 1.0 0.0 0.0 0.0 0.0 
0.0 3.0 0.0 0.0 0.0 0.0 0.0 0.0 0.0 0.0 0.0 0.0 0.0 0.0 
0.0 0.0 1.0 0.0 0.0 0.0 1.0 0.0 0.0 4.0 28.5 0.0 0.0 42.5 
0.0 0.0 1.0 0.0 1.0 0.0 1.0 0.0 4.0 0.0 1.0 0.0 0.0 0.0 
0.0 0.0 0.0 0.0 0.0 0.0 0.0 0.0 28.5 1.0 0.0 0.0 0.0 1.5 
0.0 0.0 0.0 0.0 0.0 0.0 0.0 0.0 0.0 0.0 0.0 0.0 0.0 0.0 
3.0 1.0 1.5 2.5 0.0 0.0 0.0 0.0 0.0 0.0 0.0 0.0 0.0 0.0 
0.0 0.0 0.0 0.0 0.0 0.0 0.0 0.0 42.5 0.0 1.5 0.0 0.0 0.0 
