3717328739815936
0180083509761936
3646477829786373
1103039950480887
3810518512182379
9019241855368124
1862124486713069
6378487859876565
3051642639120770
3585363593135113
7610376226819758
5157637741225656
0732602285294581
7738731505871660
9359546788802277
2031781976901280
6992309821722820
7282584890816961
8511851859616310
2100038389906982
2096219243191159
2525374702919730
9271929260299926
0626524930808526
1292110703354754
4329634354246496
7910859531631057
2741856107159943
0514698417950131
8326806100135762
9059741175310073
1714668667481698
7846261746537554
9783292465422902
4580502642241951
7532249857048282
0075395629291026
0396026495635323
7904659823512342
2365375677121326
0982463723049957
4278906426912439
6537830218720046
3023153211468199
1451076547350301
5890923112747925
2553920138330774
4342813292707097
9671291450823171
7205705989244804
3885064446506872
2497205328319360
7388836998087457
5885621862397640
2637595674644923
0649693969807037
2484396511195789
1744732999336375
5994346576556240
5920153548400037
9487486919525854
9697061502846162
7877766764101416
1170610039869902
1942503978518002
5055218567027384
3439352922506528
7471636341065724
4675883924160014
2417851068349255
7691206520780131
6132054557605607
1015561507843037
3436252328508573
2165324838377463
9935354654905236
8109462850506648
8785972548547906
5725021666916341
3091123485499725
8128009877760964
0866205347972203
2048728636094630
1015882558876646
3588048213946283
1097952760431187
2213206371526231
0724083224913311
3090287839276903
4407824210496951
9486997773441668
6719590144665072
7031945575584861
5920033477880363
1856612148164131
9222298713123038
7449931536455641
7046459832054988
9014230733943633
2297617908761728
9413186776171861
2308920362072312
4619424138761525
0681637787916980
3289161307928261
2352144605333782
8531841353379365
6108730498633062
5267121220942302
6175904400592552
8919503255281132
3972733795294956
9297665509945138
7603694713928142
4759396267171131
3713032970984293
6395791522800557
0975174093759383
0759681059146544
9075418972296296
7436456163727979
5063494582879552
4592552506433379
3589689465546471
8733293432658230
8431323844701530
9250841054233244
2432286829995904
7892037228545329
1825422952986771
9598760381296500
8909410628237524
1037526400123510
0994817983157085
2875003934296259
7542338901767495
6508590684390942
2674840912126398
2744448576727166
0766190838110725
5641112041037627
8976612994194612
0447669363157317
3334643879272311
0934454847348531
1329515478910526
9062751528941520
4136719790918922
7643437133226485
1956480147016671
6500137525335410
2531761427648020
4294478279044530
2469937269677267
7330373876867198
8646080326600995
6289602045034353
2263792928433930
9576713124661835
6194867511685443
0836684545511633
6933091154844634
7188784344595649
9499398320838094
9173025178455009
0487992453736849
7082611091690747
0993186049503007
5643353525207022
7663973745033744
3125027229507836
3250140014509251
9079178818235167
2546837031616846
8955768344770955
3614256141054800
6725502545242241
8835911953536642
5760364940162939
0512183585660835
0813145478267268
8254524624912693
1169644324258748
5214419587137676
4561751705077432
8463540065575491
5228033768526863
0721071524157651
6835466970889241
5660469902738038
1673954036431734
7219178586824787
3342769185956505
2462245257053946
9699640984791832
6013088230083785
1704285823923729
8948040200740617
7454736736043931
7706674770409286
0552099245346620
7505856827379763
1218783106447217
4047293288281493
6303297687237256
4492619405877152
8972397134674530
2018072919564143
2967595851995266
5230487506987723
3471338407128610
6753386906668221
4785455419210090
2072946162282636
